   0000000000000000000000000000000000
00000000000000000000000000000000000000
00110000001100111111111100001111110000
00110000001100110000000000110000001100
00001100110000111111110000111111111100
00000011000000110000000000110000001100
00000011000000111111111100110000001100
00000000000000000000000000000000000000
00000000000000000000000000000000000000
00111111110000001111110000111111111100
00110000001100110000001100000011000000
00111111110000110000001100000011000000
00110000001100110000001100000011000000
00111111110000001111110000111111111100
00000000000000000000000000000000000000
   0000000000000000000000000000000000

